-13.3407249451
-15.1144485474
-13.7465286255
-21.2271995544
-29.5309417725
-27.56224823
-31.4120960236
-36.9630908966
-28.7865943909
-24.7025461197
-22.2272510529
-47.7996030807
-51.1781313896
-50.7979810715
-47.8180870056
-3.44414863586
22.0725032806
30.7190572739
62.9066875458
27.2852539063
24.0610717773
18.738973999
7.73642349243
-5.29594268799
-50.3380191803
-65.3419242859
-81.4344776154
-97.5598815918
-113.629055786
-131.573740578
-150.23059082
-168.82168169
-198.350509739
-1000
-10.0
-10.0
-10.0
-10.0
-15.0568466187
-23.644443512
-29.2294616699
-35.1390686035
-41.5124584198
-45.8374160767
-48.583757782
-49.7385950089
-76.7217712402
-74.9636768341
-47.4527107239
-53.3033584595
-61.2928497314
-69.8805580139
-55.4397735596
-73.2483657837
-91.0907627106
-108.868851471
-126.681055069
-144.526810646
-177.013189316
-49.8243309736
-1000
-84.3138460159
-91.9613668442
-100.944378471
-142.818106174
-155.387349796
-1000
-10.0
-10.0
-10.0
-10.0
-10.6397003174
-13.5889953613
-19.4618865967
-25.8286651611
-31.204486084
-35.4194587708
-37.5936172485
-43.1817234039
-48.981268692
-82.9188850403
-82.8081623077
-89.2392969131
-95.3861616135
-1000
-32.5005500793
-31.9676261902
-30.8901977539
-22.0068359375
-27.3935546875
-42.237562561
-46.24506073
-47.2754230499
-42.2113052368
-44.094909668
-44.4613204956
-44.5950317383
-39.9798431396
-35.5822952271
-39.174848175
-40.0591163635
-70.0234260559
-80.0104377747
-83.6034143448
-82.513243103
-46.6008598328
-46.2306732178
-45.3680412292
-43.6209625244
-44.6610244751
-50.7177677155
-1000
-12.8842277527
-17.0507583618
-19.8447647095
-24.222808075
-28.8646835327
-24.215045166
-19.3456298828
-9.08519973755
-10.1460014343
-29.9478492737
-21.6056640625
-19.8481800079
-49.8855564117
-60.3313505173
-67.9621852875
-106.68555069
-83.7883331299
-78.4031097412
-56.7911201477
-31.2054424286
-33.942653656
-67.4178043365
-56.2058292389
-61.2112628937
-100.577118301
-51.1241750717
-82.0265958786
-41.895324707
-38.8751235962
-10.0
-10.0
-10.0
-22.0400512695
-21.6142417908
-11.5324859619
-31.700957489
-15.0842987061
-20.0584411621
-4.84661560059
-8.32041931152
-14.3635520935
8.00253295898
-1.43213195801
4.61180076599
16.5348361969
43.482730484
33.7341358185
38.9574005127
79.4391357422
93.3825872421
153.492687321
1000
-30.2835571289
-32.0837738037
-32.8525299072
-32.7941558838
-33.4593200684
-26.8035476685
-10.0
-27.5410079956
-25.3217391968
-28.4189548492
-28.6132850647
-19.777053833
-43.1706825256
-46.043221283
-37.0511760712
-69.665001297
-59.0408447266
-65.10377388
-113.089662552
-109.970117474
-88.4545848846
-44.2670425415
-55.1756118774
-30.4682159424
-33.5918140411
-35.7898731232
-38.4029445648
-42.1743011475
-66.331180954
-52.2251296997
-61.2609230042
-65.5841690063
-67.1720779419
-106.813307953
-112.479491615
-110.316611767
-1000
-72.0667430878
-74.0785560608
-45.8713581085
-47.1924926758
-34.774887085
-33.8424560547
-31.4563262939
-26.758480835
-10.0
-29.7420215607
-37.8223991394
-45.8892974854
-49.9190406799
-104.113040924
-73.3276885033
-122.977270031
-162.537004423
-1000
-46.3097789764
